'Re': -12.42453
'V': -8.94119
'Zr': -8.51973
'Ca': -1.92
'Fe': -8.237
'B': -6.703473333333333
'P': -5.404
'Sc': -6.20184
'Hf': -9.95767
'Be': -3.76536
'H': -3.386651
'Li': -1.89927
'Nb': -10.2133
'Rh': -7.2748
'Zr': -8.5197
'Ni': -5.46818