'Re': -12.42453
'V': -8.94119
'Zr': -8.51973
'Ca': -1.92
'Fe': -8.237
'B': -6.703473333333333
'P': -5.404
'Sc': -6.20184
'Hf': -9.95767
'Be': -3.76536
'H': 0
'Li': -1.89927